0
2
3
4
12
13
22
32
34
40
41
42
44
102
104
110
111
112
113
120
122
131
132
134
142
143
144
202
203
210
211
214
220
222
223
232
233
241
242
300
302
311
312
313
314
331
332
334
341
342
400
402
404
413
422
423
424
440
441
442
444
1000
1001
1004
1012
1020
1022
1023
1024
1030
1032
1033
1041
1100
1102
1103
1104
1111
1112
1123
1133
1200
1201
1202
1203
1210
1211
1213
1220
1224
1231
1240
1243
1301
1303
1310
1320
1324
1332
1333
1342
1402
1403
1412
1420
1421
1422
1431
1432
1434
1442
1443
1444
2000
2002
2003
2010
2013
2020
2030
2042
2044
2100
2103
2113
2120
2121
2123
2124
2130
2131
2132
2133
2134
2202
2203
2204
2210
2223
2231
2233
2240
2241
2242
2244
2300
2301
2302
2310
2311
2314
2331
2342
2344
2401
2410
2420
2422
2424
2430
2431
2433
2434
2440
2442
2444
3000
3001
3002
3003
3004
3010
3011
3012
3013
3014
3022
3023
3031
3041
3044
3102
3103
3113
3121
3122
3124
3130
3132
3133
3141
3144
3200
3204
3210
3224
3232
3240
3242
3321
3324
3330
3331
3342
3412
3420
3422
3423
3431
3432
3433
3441
3444
4001
4002
4003
4011
4013
4021
4023
4024
4032
4033
4034
4040
4041
4042
4101
4102
4104
4123
4130
4134
4143
4204
4210
4211
4212
4213
4220
4222
4224
4230
4231
4233
4242
4302
4312
4321
4324
4330
4340
4343
4344
4401
4402
4411
4414
4422
4423
4430
4432
4440
4442